993
963
926
866
805
707
631
522
419
315
196
77
0
0
0
0
0
0
0
0
0
0
0
0
0
0
0
0
0
0
0
0
0
0
0
0
0
33
157
280
395
512
623
715
795
875
932
965
1007
1017
1004
977
943
890
827
732
670
565
463
347
232
119
0
0
0
0
0
0
0
0
0
0
0
0
0
0
0
0
0
0
0
0
0
0
0
0
0
0
110
237
355
464
586
670
778
843
914
947
991
1003
1007
991
961
911
859
801
711
604
498
394
277
161
57
0
0
0
0
0
0
0
0
0
0
0
0
0
0
0
0
0
0
0
0
0
0
0
0
0
61
186
312
423
539
638
733
821
883
947
982
1002
1021
994
966
934
881
801
725
634
535
429
322
205
89
0
0
0
0
0
0
0
0
0
0
0
0
0
0
0
0
0
0
0
0
0
0
0
0
0
10
146
267
365
500
607
706
793
862
930
968
993
1011
1004
975
935
905
837
763
671
579
479
394
254
137
11
0
0
0
0
0
0
0
0
0
0
0
0
0
0
0
0
0
0
0
0
0
0
0
0
0
88
210
335
563
666
759
836
904
952
979
1015
1019
991
961
921
865
801
715
602
514
412
297
184
58
0
0
0
0
0
0
0
0
0
0
0
0
0
0
0
0
0
0
0
0
0
0
0
0
0
44
175
284
415
520
635
721
807
872
935
968
1003
1021
995
975
935
885
819
743
654
560
449
334
223
105
0
0
0
0
0
0
0
0
0
0
0
0
0
0
0
0
0
0
0
0
0
0
0
0
0
0
124
239
361
482
585
695
783
850
908
955
990
1014
1004
979
936
907
846
776
695
593
489
382
269
150
33
0
0
0
0
0
0
0
0
0
0
0
0
0
0
0
0
0
0
0
0
0
0
0
0
0
71
195
318
434
553
651
737
823
885
938
981
999
1027
997
968
926
877
806
734
634
535
423
317
187
83
0
0
0
0
0
0
0
0
0
0
0
0
0
0
0
0
0
0
0
0
0
0
0
0
0
29
144
273
395
518
615
715
797
874
923
954
1009
1021
1003
983
943
893
834
761
662
569
455
354
248
122
9
0
0
0
0
0
0
0
0
0
0
0
0
0
0
0
0
0
0
0
0
0
0
0
0
0
102
229
346
469
573
677
763
844
922
968
985
1015
1014
990
956
916
857
801
695
605
507
400
